{
 "cells": [
  {
   "cell_type": "markdown",
   "metadata": {},
   "source": [
    "#### TODO:\n",
    " - automate dataset changes with a BQ client\n",
    " - adapt sql for other network types\n",
    " - try zeroing items_sold_change_2017 for commus w no sales in jan\n",
    " - add indegree minus outdgree as a column"
   ]
  },
  {
   "cell_type": "code",
   "execution_count": 1,
   "metadata": {
    "collapsed": false
   },
   "outputs": [],
   "source": [
    "import pandas as pd\n",
    "from scipy import stats\n",
    "from google.cloud import bigquery"
   ]
  },
  {
   "cell_type": "code",
   "execution_count": null,
   "metadata": {
    "collapsed": true
   },
   "outputs": [],
   "source": []
  },
  {
   "cell_type": "code",
   "execution_count": 135,
   "metadata": {
    "collapsed": false
   },
   "outputs": [],
   "source": [
    "transaction_net = pd.read_csv(\"~/community_health/data/transaction_network_properties.csv\", index_col=None)\n",
    "message_net = pd.read_csv(\"~/community_health/data/message_network_properties.csv\", index_col=None)\n",
    "variables = list(transaction_net)[4:len(transaction_net)]"
   ]
  },
  {
   "cell_type": "code",
   "execution_count": 143,
   "metadata": {
    "collapsed": false
   },
   "outputs": [
    {
     "data": {
      "text/html": [
       "<div>\n",
       "<table border=\"1\" class=\"dataframe\">\n",
       "  <thead>\n",
       "    <tr style=\"text-align: right;\">\n",
       "      <th></th>\n",
       "      <th>items_sold_may_2017</th>\n",
       "      <th>inventory</th>\n",
       "      <th>items_sold_change_2017</th>\n",
       "      <th>actual_edges</th>\n",
       "      <th>avg_weight</th>\n",
       "      <th>nodes</th>\n",
       "      <th>network_density_X_100</th>\n",
       "      <th>avg_degree</th>\n",
       "      <th>avg_indegree</th>\n",
       "      <th>avg_outdegree</th>\n",
       "    </tr>\n",
       "  </thead>\n",
       "  <tbody>\n",
       "    <tr>\n",
       "      <th>items_sold_may_2017</th>\n",
       "      <td>1</td>\n",
       "      <td>0.769813</td>\n",
       "      <td>0.327817</td>\n",
       "      <td>0.737729</td>\n",
       "      <td>0.124035</td>\n",
       "      <td>0.807239</td>\n",
       "      <td>-0.483776</td>\n",
       "      <td>0.346655</td>\n",
       "      <td>0.192644</td>\n",
       "      <td>0.5887</td>\n",
       "    </tr>\n",
       "    <tr>\n",
       "      <th>inventory</th>\n",
       "      <td>0.769813</td>\n",
       "      <td>1</td>\n",
       "      <td>-0.0328407</td>\n",
       "      <td>0.727545</td>\n",
       "      <td>0.253995</td>\n",
       "      <td>0.867175</td>\n",
       "      <td>-0.595708</td>\n",
       "      <td>0.256864</td>\n",
       "      <td>0.213686</td>\n",
       "      <td>0.657785</td>\n",
       "    </tr>\n",
       "    <tr>\n",
       "      <th>items_sold_change_2017</th>\n",
       "      <td>0.327817</td>\n",
       "      <td>-0.0328407</td>\n",
       "      <td>1</td>\n",
       "      <td>0.108527</td>\n",
       "      <td>-0.0647888</td>\n",
       "      <td>0.0418463</td>\n",
       "      <td>0.0751286</td>\n",
       "      <td>0.142633</td>\n",
       "      <td>0.0621133</td>\n",
       "      <td>0.0201164</td>\n",
       "    </tr>\n",
       "    <tr>\n",
       "      <th>actual_edges</th>\n",
       "      <td>0.737729</td>\n",
       "      <td>0.727545</td>\n",
       "      <td>0.108527</td>\n",
       "      <td>1</td>\n",
       "      <td>0.268671</td>\n",
       "      <td>0.826252</td>\n",
       "      <td>-0.215288</td>\n",
       "      <td>0.75116</td>\n",
       "      <td>0.5861</td>\n",
       "      <td>0.785603</td>\n",
       "    </tr>\n",
       "    <tr>\n",
       "      <th>avg_weight</th>\n",
       "      <td>0.124035</td>\n",
       "      <td>0.253995</td>\n",
       "      <td>-0.0647888</td>\n",
       "      <td>0.268671</td>\n",
       "      <td>1</td>\n",
       "      <td>0.219089</td>\n",
       "      <td>-0.057058</td>\n",
       "      <td>0.169538</td>\n",
       "      <td>0.548658</td>\n",
       "      <td>0.658295</td>\n",
       "    </tr>\n",
       "    <tr>\n",
       "      <th>nodes</th>\n",
       "      <td>0.807239</td>\n",
       "      <td>0.867175</td>\n",
       "      <td>0.0418463</td>\n",
       "      <td>0.826252</td>\n",
       "      <td>0.219089</td>\n",
       "      <td>1</td>\n",
       "      <td>-0.687678</td>\n",
       "      <td>0.28441</td>\n",
       "      <td>0.267107</td>\n",
       "      <td>0.644302</td>\n",
       "    </tr>\n",
       "    <tr>\n",
       "      <th>network_density_X_100</th>\n",
       "      <td>-0.483776</td>\n",
       "      <td>-0.595708</td>\n",
       "      <td>0.0751286</td>\n",
       "      <td>-0.215288</td>\n",
       "      <td>-0.057058</td>\n",
       "      <td>-0.687678</td>\n",
       "      <td>1</td>\n",
       "      <td>0.437459</td>\n",
       "      <td>0.305925</td>\n",
       "      <td>-0.184924</td>\n",
       "    </tr>\n",
       "    <tr>\n",
       "      <th>avg_degree</th>\n",
       "      <td>0.346655</td>\n",
       "      <td>0.256864</td>\n",
       "      <td>0.142633</td>\n",
       "      <td>0.75116</td>\n",
       "      <td>0.169538</td>\n",
       "      <td>0.28441</td>\n",
       "      <td>0.437459</td>\n",
       "      <td>1</td>\n",
       "      <td>0.718969</td>\n",
       "      <td>0.60872</td>\n",
       "    </tr>\n",
       "    <tr>\n",
       "      <th>avg_indegree</th>\n",
       "      <td>0.192644</td>\n",
       "      <td>0.213686</td>\n",
       "      <td>0.0621133</td>\n",
       "      <td>0.5861</td>\n",
       "      <td>0.548658</td>\n",
       "      <td>0.267107</td>\n",
       "      <td>0.305925</td>\n",
       "      <td>0.718969</td>\n",
       "      <td>1</td>\n",
       "      <td>0.590137</td>\n",
       "    </tr>\n",
       "    <tr>\n",
       "      <th>avg_outdegree</th>\n",
       "      <td>0.5887</td>\n",
       "      <td>0.657785</td>\n",
       "      <td>0.0201164</td>\n",
       "      <td>0.785603</td>\n",
       "      <td>0.658295</td>\n",
       "      <td>0.644302</td>\n",
       "      <td>-0.184924</td>\n",
       "      <td>0.60872</td>\n",
       "      <td>0.590137</td>\n",
       "      <td>1</td>\n",
       "    </tr>\n",
       "  </tbody>\n",
       "</table>\n",
       "</div>"
      ],
      "text/plain": [
       "                       items_sold_may_2017  inventory items_sold_change_2017  \\\n",
       "items_sold_may_2017                      1   0.769813               0.327817   \n",
       "inventory                         0.769813          1             -0.0328407   \n",
       "items_sold_change_2017            0.327817 -0.0328407                      1   \n",
       "actual_edges                      0.737729   0.727545               0.108527   \n",
       "avg_weight                        0.124035   0.253995             -0.0647888   \n",
       "nodes                             0.807239   0.867175              0.0418463   \n",
       "network_density_X_100            -0.483776  -0.595708              0.0751286   \n",
       "avg_degree                        0.346655   0.256864               0.142633   \n",
       "avg_indegree                      0.192644   0.213686              0.0621133   \n",
       "avg_outdegree                       0.5887   0.657785              0.0201164   \n",
       "\n",
       "                       actual_edges avg_weight      nodes  \\\n",
       "items_sold_may_2017        0.737729   0.124035   0.807239   \n",
       "inventory                  0.727545   0.253995   0.867175   \n",
       "items_sold_change_2017     0.108527 -0.0647888  0.0418463   \n",
       "actual_edges                      1   0.268671   0.826252   \n",
       "avg_weight                 0.268671          1   0.219089   \n",
       "nodes                      0.826252   0.219089          1   \n",
       "network_density_X_100     -0.215288  -0.057058  -0.687678   \n",
       "avg_degree                  0.75116   0.169538    0.28441   \n",
       "avg_indegree                 0.5861   0.548658   0.267107   \n",
       "avg_outdegree              0.785603   0.658295   0.644302   \n",
       "\n",
       "                       network_density_X_100 avg_degree avg_indegree  \\\n",
       "items_sold_may_2017                -0.483776   0.346655     0.192644   \n",
       "inventory                          -0.595708   0.256864     0.213686   \n",
       "items_sold_change_2017             0.0751286   0.142633    0.0621133   \n",
       "actual_edges                       -0.215288    0.75116       0.5861   \n",
       "avg_weight                         -0.057058   0.169538     0.548658   \n",
       "nodes                              -0.687678    0.28441     0.267107   \n",
       "network_density_X_100                      1   0.437459     0.305925   \n",
       "avg_degree                          0.437459          1     0.718969   \n",
       "avg_indegree                        0.305925   0.718969            1   \n",
       "avg_outdegree                      -0.184924    0.60872     0.590137   \n",
       "\n",
       "                       avg_outdegree  \n",
       "items_sold_may_2017           0.5887  \n",
       "inventory                   0.657785  \n",
       "items_sold_change_2017     0.0201164  \n",
       "actual_edges                0.785603  \n",
       "avg_weight                  0.658295  \n",
       "nodes                       0.644302  \n",
       "network_density_X_100      -0.184924  \n",
       "avg_degree                   0.60872  \n",
       "avg_indegree                0.590137  \n",
       "avg_outdegree                      1  "
      ]
     },
     "execution_count": 143,
     "metadata": {},
     "output_type": "execute_result"
    }
   ],
   "source": [
    "transaction_corr_matrix = pd.DataFrame(index=variables, columns=variables)\n",
    "\n",
    "i = 0\n",
    "j = 0\n",
    "\n",
    "for i in range(len(variables)):\n",
    "    for j in range(len(variables)):\n",
    "        rho, pval = scipy.stats.spearmanr(transaction_net[[variables[i],variables[j]]])\n",
    "        transaction_corr_matrix.set_value(variables[i], variables[j], rho)\n",
    "        \n",
    "transaction_corr_matrix"
   ]
  },
  {
   "cell_type": "markdown",
   "metadata": {},
   "source": [
    "### Notes on Correlations among transaction network properties\n",
    " \n",
    "OBSERVATIONS\n",
    " Inventory correlations:\n",
    " - \n",
    " - the more buyers a seller has, the more inventory the community has\n",
    " - density is strongly inversly correlated with inventory"
   ]
  },
  {
   "cell_type": "code",
   "execution_count": 122,
   "metadata": {
    "collapsed": false
   },
   "outputs": [
    {
     "data": {
      "text/html": [
       "<div>\n",
       "<table border=\"1\" class=\"dataframe\">\n",
       "  <thead>\n",
       "    <tr style=\"text-align: right;\">\n",
       "      <th></th>\n",
       "      <th>nodes</th>\n",
       "      <th>actual_edges</th>\n",
       "      <th>total_transactions</th>\n",
       "      <th>network_density_X_100</th>\n",
       "      <th>avg_degree</th>\n",
       "      <th>avg_weight</th>\n",
       "    </tr>\n",
       "  </thead>\n",
       "  <tbody>\n",
       "    <tr>\n",
       "      <th>nodes</th>\n",
       "      <td>1</td>\n",
       "      <td>0.122686</td>\n",
       "      <td>0.401783</td>\n",
       "      <td>-0.979852</td>\n",
       "      <td>-0.952044</td>\n",
       "      <td>0.805421</td>\n",
       "    </tr>\n",
       "    <tr>\n",
       "      <th>actual_edges</th>\n",
       "      <td>0.122686</td>\n",
       "      <td>1</td>\n",
       "      <td>0.803515</td>\n",
       "      <td>-0.00141145</td>\n",
       "      <td>0.0749772</td>\n",
       "      <td>0.0272356</td>\n",
       "    </tr>\n",
       "    <tr>\n",
       "      <th>total_transactions</th>\n",
       "      <td>0.401783</td>\n",
       "      <td>0.803515</td>\n",
       "      <td>1</td>\n",
       "      <td>-0.285749</td>\n",
       "      <td>-0.200566</td>\n",
       "      <td>0.357049</td>\n",
       "    </tr>\n",
       "    <tr>\n",
       "      <th>network_density_X_100</th>\n",
       "      <td>-0.979852</td>\n",
       "      <td>-0.00141145</td>\n",
       "      <td>-0.285749</td>\n",
       "      <td>1</td>\n",
       "      <td>0.992168</td>\n",
       "      <td>-0.832252</td>\n",
       "    </tr>\n",
       "    <tr>\n",
       "      <th>avg_degree</th>\n",
       "      <td>-0.952044</td>\n",
       "      <td>0.0749772</td>\n",
       "      <td>-0.200566</td>\n",
       "      <td>0.992168</td>\n",
       "      <td>1</td>\n",
       "      <td>-0.82763</td>\n",
       "    </tr>\n",
       "    <tr>\n",
       "      <th>avg_weight</th>\n",
       "      <td>0.805421</td>\n",
       "      <td>0.0272356</td>\n",
       "      <td>0.357049</td>\n",
       "      <td>-0.832252</td>\n",
       "      <td>-0.82763</td>\n",
       "      <td>1</td>\n",
       "    </tr>\n",
       "  </tbody>\n",
       "</table>\n",
       "</div>"
      ],
      "text/plain": [
       "                          nodes actual_edges total_transactions  \\\n",
       "nodes                         1     0.122686           0.401783   \n",
       "actual_edges           0.122686            1           0.803515   \n",
       "total_transactions     0.401783     0.803515                  1   \n",
       "network_density_X_100 -0.979852  -0.00141145          -0.285749   \n",
       "avg_degree            -0.952044    0.0749772          -0.200566   \n",
       "avg_weight             0.805421    0.0272356           0.357049   \n",
       "\n",
       "                      network_density_X_100 avg_degree avg_weight  \n",
       "nodes                             -0.979852  -0.952044   0.805421  \n",
       "actual_edges                    -0.00141145  0.0749772  0.0272356  \n",
       "total_transactions                -0.285749  -0.200566   0.357049  \n",
       "network_density_X_100                     1   0.992168  -0.832252  \n",
       "avg_degree                         0.992168          1   -0.82763  \n",
       "avg_weight                        -0.832252   -0.82763          1  "
      ]
     },
     "execution_count": 122,
     "metadata": {},
     "output_type": "execute_result"
    }
   ],
   "source": [
    "message_corr_matrix = pd.DataFrame(index=metrics, columns=metrics)\n",
    "\n",
    "i = 0\n",
    "j = 0\n",
    "\n",
    "for i in range(len(metrics)):\n",
    "    for j in range(len(metrics)): \n",
    "        rho, pval = scipy.stats.spearmanr(message_net[[metrics[i],metrics[j]]])\n",
    "        message_corr_matrix.set_value(metrics[i], metrics[j], rho)\n",
    "        \n",
    "message_corr_matrix"
   ]
  },
  {
   "cell_type": "code",
   "execution_count": null,
   "metadata": {
    "collapsed": true
   },
   "outputs": [],
   "source": []
  }
 ],
 "metadata": {
  "kernelspec": {
   "display_name": "Python 3",
   "language": "python",
   "name": "python3"
  },
  "language_info": {
   "codemirror_mode": {
    "name": "ipython",
    "version": 3
   },
   "file_extension": ".py",
   "mimetype": "text/x-python",
   "name": "python",
   "nbconvert_exporter": "python",
   "pygments_lexer": "ipython3",
   "version": "3.6.0"
  }
 },
 "nbformat": 4,
 "nbformat_minor": 2
}
